exchange_96__Transformer_exchange_ftM_sl96_ll48_pl96_dm512_nh8_el2_dl1_df2048_fc3_ebtimeF_dtTrue_test_0  
mse:0.6800719499588013, mae:0.647899329662323, rse:0.626710832118988, corr:[0.19357613 0.2363199  0.23401304 0.23346867 0.23399547 0.23393597
 0.23214974 0.22882263 0.22549613 0.22401404 0.22458373 0.2263781
 0.22784546 0.2272443  0.22401935 0.21956049 0.21680957 0.21729453
 0.21987472 0.2220626  0.22222938 0.22002909 0.21638642 0.21336891
 0.21283512 0.21450134 0.216255   0.2165599  0.21509328 0.2122266
 0.20922402 0.2081459  0.21007326 0.21307606 0.21427602 0.21313962
 0.21060497 0.20741622 0.2044923  0.20270035 0.20210615 0.20215845
 0.20224589 0.20180243 0.20029247 0.19771844 0.19503613 0.19320723
 0.19269851 0.19319175 0.19347405 0.19229543 0.18967319 0.18693593
 0.18531437 0.18522856 0.186074   0.18606365 0.18384844 0.18024944
 0.17730351 0.176044   0.17639892 0.17744392 0.17787656 0.17690687
 0.17481704 0.17274258 0.17152561 0.17128211 0.17184329 0.17232662
 0.17207792 0.17102598 0.16978222 0.16896054 0.16863951 0.16838752
 0.16777821 0.16715156 0.16702083 0.16745575 0.16798148 0.16830577
 0.16834246 0.16820015 0.16796623 0.16784224 0.16811606 0.168595
 0.16857632 0.16765648 0.16621299 0.16495901 0.16444235 0.13884602]

exchange_96__Informer_exchange_ftM_sl96_ll48_pl96_dm512_nh8_el2_dl1_df2048_fc3_ebtimeF_dtTrue_test_0  
mse:0.9321326017379761, mae:0.7665166854858398, rse:0.7337170839309692, corr:[0.2590583  0.25888717 0.2590917  0.25941485 0.25517103 0.2553657
 0.24829303 0.2483255  0.24829905 0.24026172 0.23268032 0.23968987
 0.25499934 0.2557898  0.2563134  0.25702062 0.25771454 0.25805753
 0.25832433 0.25870702 0.25922245 0.25942305 0.25978717 0.26005897
 0.24557    0.24566033 0.2383099  0.22914924 0.21818164 0.23691916
 0.24902542 0.24925861 0.24963035 0.2503759  0.25095308 0.2511721
 0.25170183 0.25212836 0.25243092 0.25283152 0.25378475 0.25328517
 0.23304825 0.22734691 0.22295032 0.21892425 0.21338266 0.22184497
 0.2420644  0.24245861 0.24305059 0.24423715 0.24529696 0.24611944
 0.24711059 0.24735568 0.24788257 0.24819422 0.24834743 0.24847755
 0.22613968 0.22701952 0.22383793 0.21199915 0.19197534 0.20203876
 0.23023702 0.23100135 0.23165838 0.2321597  0.23256107 0.23196138
 0.23187613 0.23228765 0.2310244  0.23133972 0.22958267 0.23042536
 0.20554516 0.20623739 0.19196394 0.18325935 0.17353483 0.18676591
 0.21009612 0.20942418 0.2096722  0.2096499  0.21009992 0.21040007
 0.21093625 0.21105114 0.21131645 0.2109557  0.210133   0.20860201]

exchange_96__Informer_exchange_ftM_sl96_ll48_pl96_dm512_nh8_el2_dl1_df2048_fc3_ebtimeF_dtTrue_test_0  
mse:0.9321326017379761, mae:0.7665166854858398, rse:0.7337170839309692, corr:[0.2590583  0.25888717 0.2590917  0.25941485 0.25517103 0.2553657
 0.24829303 0.2483255  0.24829905 0.24026172 0.23268032 0.23968987
 0.25499934 0.2557898  0.2563134  0.25702062 0.25771454 0.25805753
 0.25832433 0.25870702 0.25922245 0.25942305 0.25978717 0.26005897
 0.24557    0.24566033 0.2383099  0.22914924 0.21818164 0.23691916
 0.24902542 0.24925861 0.24963035 0.2503759  0.25095308 0.2511721
 0.25170183 0.25212836 0.25243092 0.25283152 0.25378475 0.25328517
 0.23304825 0.22734691 0.22295032 0.21892425 0.21338266 0.22184497
 0.2420644  0.24245861 0.24305059 0.24423715 0.24529696 0.24611944
 0.24711059 0.24735568 0.24788257 0.24819422 0.24834743 0.24847755
 0.22613968 0.22701952 0.22383793 0.21199915 0.19197534 0.20203876
 0.23023702 0.23100135 0.23165838 0.2321597  0.23256107 0.23196138
 0.23187613 0.23228765 0.2310244  0.23133972 0.22958267 0.23042536
 0.20554516 0.20623739 0.19196394 0.18325935 0.17353483 0.18676591
 0.21009612 0.20942418 0.2096722  0.2096499  0.21009992 0.21040007
 0.21093625 0.21105114 0.21131645 0.2109557  0.210133   0.20860201]

exchange_96__Linear_exchange_ftM_sl96_ll48_pl96_dm512_nh8_el2_dl1_df2048_fc3_ebtimeF_dtTrue_test_0  
mse:0.11506249010562897, mae:0.25611957907676697, rse:0.2577843964099884, corr:[0.25370556 0.25556952 0.2555237  0.2559185  0.25457838 0.25571746
 0.25525925 0.25587857 0.2536669  0.2523673  0.25404534 0.25506994
 0.254402   0.25513214 0.25316483 0.2543478  0.25184634 0.25092715
 0.253668   0.25429767 0.2530027  0.2542131  0.25223616 0.25352278
 0.2515684  0.25454995 0.25437832 0.2541807  0.25021628 0.25356966
 0.25421223 0.24970737 0.25174332 0.25404498 0.25438544 0.2531865
 0.2530935  0.25258064 0.24937925 0.2549324  0.25236294 0.2536143
 0.25227162 0.25340164 0.25274608 0.2529013  0.25364178 0.25392
 0.25190237 0.2490778  0.25400758 0.2531901  0.25135994 0.25183204
 0.25155872 0.25427487 0.25337538 0.25433308 0.25149646 0.25459725
 0.25259882 0.25290588 0.2545447  0.25235748 0.25434458 0.25250176
 0.25437763 0.24800393 0.25358525 0.25368783 0.25384718 0.25283816
 0.25365937 0.2520351  0.25330615 0.25305066 0.2547776  0.25199777
 0.24772137 0.2524894  0.254858   0.2513244  0.25397572 0.254042
 0.2540651  0.25376838 0.2548614  0.25380296 0.25399104 0.25010204
 0.25385296 0.25475284 0.24709392 0.2550449  0.2538944  0.253756  ]

exchange_96__NLinear_exchange_ftM_sl96_ll48_pl96_dm512_nh8_el2_dl1_df2048_fc3_ebtimeF_dtTrue_test_0  
mse:0.11506249010562897, mae:0.25611957907676697, rse:0.2577843964099884, corr:[0.25370556 0.25556952 0.2555237  0.2559185  0.25457838 0.25571746
 0.25525925 0.25587857 0.2536669  0.2523673  0.25404534 0.25506994
 0.254402   0.25513214 0.25316483 0.2543478  0.25184634 0.25092715
 0.253668   0.25429767 0.2530027  0.2542131  0.25223616 0.25352278
 0.2515684  0.25454995 0.25437832 0.2541807  0.25021628 0.25356966
 0.25421223 0.24970737 0.25174332 0.25404498 0.25438544 0.2531865
 0.2530935  0.25258064 0.24937925 0.2549324  0.25236294 0.2536143
 0.25227162 0.25340164 0.25274608 0.2529013  0.25364178 0.25392
 0.25190237 0.2490778  0.25400758 0.2531901  0.25135994 0.25183204
 0.25155872 0.25427487 0.25337538 0.25433308 0.25149646 0.25459725
 0.25259882 0.25290588 0.2545447  0.25235748 0.25434458 0.25250176
 0.25437763 0.24800393 0.25358525 0.25368783 0.25384718 0.25283816
 0.25365937 0.2520351  0.25330615 0.25305066 0.2547776  0.25199777
 0.24772137 0.2524894  0.254858   0.2513244  0.25397572 0.254042
 0.2540651  0.25376838 0.2548614  0.25380296 0.25399104 0.25010204
 0.25385296 0.25475284 0.24709392 0.2550449  0.2538944  0.253756  ]

exchange_96__Linear_exchange_ftM_sl96_ll48_pl96_dm512_nh8_el2_dl1_df2048_fc3_ebtimeF_dtTrue_test_0  
mse:0.11506249010562897, mae:0.25611957907676697, rse:0.2577843964099884, corr:[0.25370556 0.25556952 0.2555237  0.2559185  0.25457838 0.25571746
 0.25525925 0.25587857 0.2536669  0.2523673  0.25404534 0.25506994
 0.254402   0.25513214 0.25316483 0.2543478  0.25184634 0.25092715
 0.253668   0.25429767 0.2530027  0.2542131  0.25223616 0.25352278
 0.2515684  0.25454995 0.25437832 0.2541807  0.25021628 0.25356966
 0.25421223 0.24970737 0.25174332 0.25404498 0.25438544 0.2531865
 0.2530935  0.25258064 0.24937925 0.2549324  0.25236294 0.2536143
 0.25227162 0.25340164 0.25274608 0.2529013  0.25364178 0.25392
 0.25190237 0.2490778  0.25400758 0.2531901  0.25135994 0.25183204
 0.25155872 0.25427487 0.25337538 0.25433308 0.25149646 0.25459725
 0.25259882 0.25290588 0.2545447  0.25235748 0.25434458 0.25250176
 0.25437763 0.24800393 0.25358525 0.25368783 0.25384718 0.25283816
 0.25365937 0.2520351  0.25330615 0.25305066 0.2547776  0.25199777
 0.24772137 0.2524894  0.254858   0.2513244  0.25397572 0.254042
 0.2540651  0.25376838 0.2548614  0.25380296 0.25399104 0.25010204
 0.25385296 0.25475284 0.24709392 0.2550449  0.2538944  0.253756  ]

exchange_96__Linear_exchange_ftM_sl96_ll48_pl96_dm512_nh8_el2_dl1_df2048_fc3_ebtimeF_dtTrue_test_0  
mse:0.12598063051700592, mae:0.2676182985305786, rse:0.26973772048950195, corr:[0.25618523 0.25573307 0.25639153 0.2556821  0.25548103 0.25547215
 0.25481987 0.25500134 0.25421464 0.2536732  0.25450984 0.25408012
 0.2541019  0.2542693  0.25364205 0.2538117  0.2536947  0.25478324
 0.25389597 0.25418133 0.25334355 0.25369292 0.25355682 0.25344768
 0.2528879  0.25402686 0.2543632  0.25333092 0.25242123 0.25421688
 0.25322363 0.25224656 0.25348872 0.25352725 0.25337347 0.2530518
 0.25249276 0.25331986 0.25181523 0.25356394 0.252473   0.2529413
 0.25257424 0.25297424 0.2530264  0.25328085 0.25281143 0.25274768
 0.2526568  0.25277606 0.25323585 0.25323915 0.25263804 0.2525748
 0.25256103 0.2533332  0.25362208 0.25370947 0.25382313 0.25382897
 0.25375345 0.25379166 0.25387776 0.25341046 0.25343034 0.2537177
 0.25383365 0.25379732 0.2540509  0.25407562 0.25367248 0.2536771
 0.2539921  0.25380638 0.25382587 0.25339016 0.25390735 0.2532631
 0.25397202 0.25373995 0.25407603 0.25276414 0.253944   0.25366578
 0.2543433  0.25339663 0.2540221  0.2541962  0.25379017 0.25332907
 0.25430337 0.2539727  0.25297993 0.25433013 0.25391003 0.25394043]

exchange_96__Linear_exchange_ftM_sl96_ll48_pl96_dm512_nh8_el2_dl1_df2048_fc3_ebtimeF_dtTrue_test_0  
mse:0.11152682453393936, mae:0.24612002074718475, rse:0.2537928819656372, corr:[0.25668404 0.25622204 0.2558618  0.25616264 0.25570282 0.25583503
 0.2557371  0.25548095 0.25541466 0.25510263 0.2549375  0.25535882
 0.2547005  0.2553617  0.25501853 0.2550082  0.25481156 0.25462344
 0.25456616 0.25494242 0.25424287 0.25499064 0.25468376 0.25446463
 0.2547714  0.25479123 0.2551192  0.25481352 0.2549711  0.25490862
 0.25459534 0.2544258  0.2547294  0.2546455  0.25409785 0.25422788
 0.25409114 0.25390655 0.25368935 0.2539767  0.25370237 0.2535431
 0.25370762 0.25340918 0.25341305 0.2533937  0.25337437 0.25335708
 0.25320965 0.25295186 0.25272498 0.25265846 0.2524465  0.2529725
 0.2531377  0.25296035 0.25293458 0.25315407 0.2528375  0.25297967
 0.25321755 0.25272414 0.25277844 0.25346762 0.25299004 0.25338432
 0.2535136  0.25311062 0.25330666 0.25330925 0.25350922 0.25357613
 0.2531881  0.2529869  0.25249308 0.25282007 0.2535026  0.253689
 0.25361916 0.2532476  0.2535803  0.25362235 0.25385505 0.25332233
 0.25355005 0.25385138 0.253976   0.25382593 0.25357184 0.2537665
 0.2536667  0.25398132 0.25438792 0.25420448 0.25397614 0.25405112]

exchange_96__Linear_exchange_ftM_sl96_ll48_pl96_dm512_nh8_el2_dl1_df2048_fc3_ebtimeF_dtTrue_test_0  
mse:0.11506249010562897, mae:0.25611957907676697, rse:0.2577843964099884, corr:[0.25370556 0.25556952 0.2555237  0.2559185  0.25457838 0.25571746
 0.25525925 0.25587857 0.2536669  0.2523673  0.25404534 0.25506994
 0.254402   0.25513214 0.25316483 0.2543478  0.25184634 0.25092715
 0.253668   0.25429767 0.2530027  0.2542131  0.25223616 0.25352278
 0.2515684  0.25454995 0.25437832 0.2541807  0.25021628 0.25356966
 0.25421223 0.24970737 0.25174332 0.25404498 0.25438544 0.2531865
 0.2530935  0.25258064 0.24937925 0.2549324  0.25236294 0.2536143
 0.25227162 0.25340164 0.25274608 0.2529013  0.25364178 0.25392
 0.25190237 0.2490778  0.25400758 0.2531901  0.25135994 0.25183204
 0.25155872 0.25427487 0.25337538 0.25433308 0.25149646 0.25459725
 0.25259882 0.25290588 0.2545447  0.25235748 0.25434458 0.25250176
 0.25437763 0.24800393 0.25358525 0.25368783 0.25384718 0.25283816
 0.25365937 0.2520351  0.25330615 0.25305066 0.2547776  0.25199777
 0.24772137 0.2524894  0.254858   0.2513244  0.25397572 0.254042
 0.2540651  0.25376838 0.2548614  0.25380296 0.25399104 0.25010204
 0.25385296 0.25475284 0.24709392 0.2550449  0.2538944  0.253756  ]

exchange_96__NLinear_exchange_ftM_sl96_ll48_pl96_dm512_nh8_el2_dl1_df2048_fc3_ebtimeF_dtTrue_test_0  
mse:0.11506249010562897, mae:0.25611957907676697, rse:0.2577843964099884, corr:[0.25370556 0.25556952 0.2555237  0.2559185  0.25457838 0.25571746
 0.25525925 0.25587857 0.2536669  0.2523673  0.25404534 0.25506994
 0.254402   0.25513214 0.25316483 0.2543478  0.25184634 0.25092715
 0.253668   0.25429767 0.2530027  0.2542131  0.25223616 0.25352278
 0.2515684  0.25454995 0.25437832 0.2541807  0.25021628 0.25356966
 0.25421223 0.24970737 0.25174332 0.25404498 0.25438544 0.2531865
 0.2530935  0.25258064 0.24937925 0.2549324  0.25236294 0.2536143
 0.25227162 0.25340164 0.25274608 0.2529013  0.25364178 0.25392
 0.25190237 0.2490778  0.25400758 0.2531901  0.25135994 0.25183204
 0.25155872 0.25427487 0.25337538 0.25433308 0.25149646 0.25459725
 0.25259882 0.25290588 0.2545447  0.25235748 0.25434458 0.25250176
 0.25437763 0.24800393 0.25358525 0.25368783 0.25384718 0.25283816
 0.25365937 0.2520351  0.25330615 0.25305066 0.2547776  0.25199777
 0.24772137 0.2524894  0.254858   0.2513244  0.25397572 0.254042
 0.2540651  0.25376838 0.2548614  0.25380296 0.25399104 0.25010204
 0.25385296 0.25475284 0.24709392 0.2550449  0.2538944  0.253756  ]

exchange_96__Transformer_exchange_ftM_sl96_ll48_pl96_dm512_nh8_el2_dl1_df2048_fc3_ebtimeF_dtTrue_test_0  
mse:0.6800719499588013, mae:0.647899329662323, rse:0.626710832118988, corr:[0.19357613 0.2363199  0.23401304 0.23346867 0.23399547 0.23393597
 0.23214974 0.22882263 0.22549613 0.22401404 0.22458373 0.2263781
 0.22784546 0.2272443  0.22401935 0.21956049 0.21680957 0.21729453
 0.21987472 0.2220626  0.22222938 0.22002909 0.21638642 0.21336891
 0.21283512 0.21450134 0.216255   0.2165599  0.21509328 0.2122266
 0.20922402 0.2081459  0.21007326 0.21307606 0.21427602 0.21313962
 0.21060497 0.20741622 0.2044923  0.20270035 0.20210615 0.20215845
 0.20224589 0.20180243 0.20029247 0.19771844 0.19503613 0.19320723
 0.19269851 0.19319175 0.19347405 0.19229543 0.18967319 0.18693593
 0.18531437 0.18522856 0.186074   0.18606365 0.18384844 0.18024944
 0.17730351 0.176044   0.17639892 0.17744392 0.17787656 0.17690687
 0.17481704 0.17274258 0.17152561 0.17128211 0.17184329 0.17232662
 0.17207792 0.17102598 0.16978222 0.16896054 0.16863951 0.16838752
 0.16777821 0.16715156 0.16702083 0.16745575 0.16798148 0.16830577
 0.16834246 0.16820015 0.16796623 0.16784224 0.16811606 0.168595
 0.16857632 0.16765648 0.16621299 0.16495901 0.16444235 0.13884602]

exchange_96__NLinear_exchange_ftM_sl96_ll48_pl96_dm512_nh8_el2_dl1_df2048_fc3_ebtimeF_dtTrue_test_0  
mse:0.11506249010562897, mae:0.25611957907676697, rse:0.2577843964099884, corr:[0.25370556 0.25556952 0.2555237  0.2559185  0.25457838 0.25571746
 0.25525925 0.25587857 0.2536669  0.2523673  0.25404534 0.25506994
 0.254402   0.25513214 0.25316483 0.2543478  0.25184634 0.25092715
 0.253668   0.25429767 0.2530027  0.2542131  0.25223616 0.25352278
 0.2515684  0.25454995 0.25437832 0.2541807  0.25021628 0.25356966
 0.25421223 0.24970737 0.25174332 0.25404498 0.25438544 0.2531865
 0.2530935  0.25258064 0.24937925 0.2549324  0.25236294 0.2536143
 0.25227162 0.25340164 0.25274608 0.2529013  0.25364178 0.25392
 0.25190237 0.2490778  0.25400758 0.2531901  0.25135994 0.25183204
 0.25155872 0.25427487 0.25337538 0.25433308 0.25149646 0.25459725
 0.25259882 0.25290588 0.2545447  0.25235748 0.25434458 0.25250176
 0.25437763 0.24800393 0.25358525 0.25368783 0.25384718 0.25283816
 0.25365937 0.2520351  0.25330615 0.25305066 0.2547776  0.25199777
 0.24772137 0.2524894  0.254858   0.2513244  0.25397572 0.254042
 0.2540651  0.25376838 0.2548614  0.25380296 0.25399104 0.25010204
 0.25385296 0.25475284 0.24709392 0.2550449  0.2538944  0.253756  ]

exchange_96__Informer_exchange_ftM_sl96_ll48_pl96_dm512_nh8_el2_dl1_df2048_fc3_ebtimeF_dtTrue_test_0  
mse:0.9321326017379761, mae:0.7665166854858398, rse:0.7337170839309692, corr:[0.2590583  0.25888717 0.2590917  0.25941485 0.25517103 0.2553657
 0.24829303 0.2483255  0.24829905 0.24026172 0.23268032 0.23968987
 0.25499934 0.2557898  0.2563134  0.25702062 0.25771454 0.25805753
 0.25832433 0.25870702 0.25922245 0.25942305 0.25978717 0.26005897
 0.24557    0.24566033 0.2383099  0.22914924 0.21818164 0.23691916
 0.24902542 0.24925861 0.24963035 0.2503759  0.25095308 0.2511721
 0.25170183 0.25212836 0.25243092 0.25283152 0.25378475 0.25328517
 0.23304825 0.22734691 0.22295032 0.21892425 0.21338266 0.22184497
 0.2420644  0.24245861 0.24305059 0.24423715 0.24529696 0.24611944
 0.24711059 0.24735568 0.24788257 0.24819422 0.24834743 0.24847755
 0.22613968 0.22701952 0.22383793 0.21199915 0.19197534 0.20203876
 0.23023702 0.23100135 0.23165838 0.2321597  0.23256107 0.23196138
 0.23187613 0.23228765 0.2310244  0.23133972 0.22958267 0.23042536
 0.20554516 0.20623739 0.19196394 0.18325935 0.17353483 0.18676591
 0.21009612 0.20942418 0.2096722  0.2096499  0.21009992 0.21040007
 0.21093625 0.21105114 0.21131645 0.2109557  0.210133   0.20860201]

exchange_96__Informer_exchange_ftM_sl96_ll48_pl96_dm512_nh8_el2_dl1_df2048_fc3_ebtimeF_dtTrue_test_0  
mse:0.9369471073150635, mae:0.7679919004440308, rse:0.7356094717979431, corr:[0.25816038 0.25463    0.2558801  0.25493947 0.24635032 0.25269356
 0.24707378 0.24857183 0.24866138 0.2386444  0.22278957 0.2376487
 0.25450402 0.25495803 0.2552052  0.25658265 0.25715762 0.2576007
 0.25786778 0.25825712 0.25877187 0.25879776 0.259119   0.25949374
 0.24474269 0.24537224 0.24330354 0.23509635 0.22691083 0.23831852
 0.2530933  0.25325555 0.25358045 0.25422427 0.25474563 0.25497967
 0.25543392 0.25565916 0.25540665 0.25585625 0.2572791  0.25682095
 0.23238954 0.22691867 0.22276494 0.22528417 0.2140796  0.21737468
 0.2416042  0.24184404 0.24245462 0.24373992 0.24489325 0.24576257
 0.24683258 0.24717416 0.24780086 0.24806735 0.24815482 0.24825498
 0.22672248 0.22787865 0.22425808 0.21593565 0.1919203  0.20035884
 0.22975071 0.23046686 0.23115107 0.23170818 0.23214965 0.2317472
 0.23190239 0.23208775 0.23212807 0.2322386  0.23225819 0.23335679
 0.20844005 0.20919254 0.19827983 0.19384691 0.18185398 0.18820745
 0.21302204 0.2123973  0.21265393 0.21264751 0.21306387 0.21336155
 0.21394128 0.21405502 0.21427795 0.2140006  0.21326286 0.21318023]

ill_24__Transformer_ill_ftM_sl36_ll18_pl24_dm512_nh8_el2_dl1_df2048_fc3_ebtimeF_dtTrue_test_0  
mse:4.409756660461426, mae:1.3434721231460571, rse:1.0153179168701172, corr:[0.07829323 0.07547603 0.07517602 0.07431728 0.07297404 0.07144146
 0.07002456 0.06858812 0.06684919 0.06528212 0.06455769 0.06509467
 0.06546937 0.06571635 0.06586558 0.0656297  0.06491751 0.06376956
 0.06263258 0.06147915 0.06060511 0.05975142 0.05837357 0.0562011 ]

exchange_96__Transformer_exchange_ftM_sl96_ll48_pl96_dm512_nh8_el2_dl1_df2048_fc3_ebtimeF_dtTrue_test_0  
mse:0.6800719499588013, mae:0.647899329662323, rse:0.626710832118988, corr:[0.19357613 0.2363199  0.23401304 0.23346867 0.23399547 0.23393597
 0.23214974 0.22882263 0.22549613 0.22401404 0.22458373 0.2263781
 0.22784546 0.2272443  0.22401935 0.21956049 0.21680957 0.21729453
 0.21987472 0.2220626  0.22222938 0.22002909 0.21638642 0.21336891
 0.21283512 0.21450134 0.216255   0.2165599  0.21509328 0.2122266
 0.20922402 0.2081459  0.21007326 0.21307606 0.21427602 0.21313962
 0.21060497 0.20741622 0.2044923  0.20270035 0.20210615 0.20215845
 0.20224589 0.20180243 0.20029247 0.19771844 0.19503613 0.19320723
 0.19269851 0.19319175 0.19347405 0.19229543 0.18967319 0.18693593
 0.18531437 0.18522856 0.186074   0.18606365 0.18384844 0.18024944
 0.17730351 0.176044   0.17639892 0.17744392 0.17787656 0.17690687
 0.17481704 0.17274258 0.17152561 0.17128211 0.17184329 0.17232662
 0.17207792 0.17102598 0.16978222 0.16896054 0.16863951 0.16838752
 0.16777821 0.16715156 0.16702083 0.16745575 0.16798148 0.16830577
 0.16834246 0.16820015 0.16796623 0.16784224 0.16811606 0.168595
 0.16857632 0.16765648 0.16621299 0.16495901 0.16444235 0.13884602]

electricity_96__Transformer_electricity_ftM_sl96_ll48_pl96_dm512_nh8_el2_dl1_df2048_fc3_ebtimeF_dtTrue_test_0  
mse:0.2523784339427948, mae:0.3536946177482605, rse:0.4993097186088562, corr:[0.46527824 0.4625923  0.46324983 0.4638197  0.4645355  0.46500888
 0.465022   0.46473986 0.46446773 0.464356   0.46433666 0.46427053
 0.4639862  0.46350375 0.4630067  0.46269286 0.4626065  0.46290118
 0.46360373 0.4643129  0.46471596 0.46474692 0.46445343 0.4640574
 0.46392637 0.46392104 0.46384966 0.46392253 0.4641746  0.46438053
 0.46430513 0.463903   0.46344647 0.46322432 0.4633623  0.46378362
 0.46418533 0.46437404 0.46438545 0.46438056 0.4644238  0.464492
 0.46456242 0.4644564  0.46434668 0.464267   0.4642156  0.46416262
 0.46419027 0.46412867 0.4640194  0.46410882 0.46442008 0.46481392
 0.46502817 0.46491534 0.46459633 0.4643085  0.4641532  0.4640528
 0.46381462 0.46336734 0.46288303 0.46264675 0.46284187 0.46334547
 0.4637971  0.46388674 0.46368203 0.46347147 0.46349746 0.46368453
 0.4639695  0.464117   0.46403345 0.46383673 0.46360445 0.4634036
 0.4632213  0.46306166 0.46302447 0.46311468 0.46320632 0.4632992
 0.46340737 0.46339253 0.4632334  0.46309212 0.46315032 0.46340835
 0.46366695 0.46353522 0.46306506 0.46241188 0.46177828 0.45936334]

traffic_96__Transformer_traffic_ftM_sl96_ll48_pl96_dm512_nh8_el2_dl1_df2048_fc3_ebtimeF_dtTrue_test_0  
mse:0.7121291160583496, mae:0.3875177800655365, rse:0.7084062695503235, corr:[0.27907988 0.27189165 0.27263224 0.27254313 0.2722155  0.27229083
 0.27270383 0.27316794 0.2737424  0.27400234 0.2738445  0.27382773
 0.27399477 0.27395806 0.2739207  0.27396145 0.27412105 0.27436894
 0.27451512 0.2745371  0.27443653 0.27424562 0.27392846 0.27358395
 0.27352902 0.27356383 0.2734659  0.27331367 0.27341846 0.27394965
 0.27457625 0.27491638 0.275105   0.274919   0.27453896 0.27437225
 0.27460554 0.274941   0.2749676  0.27459314 0.27386945 0.27299634
 0.27235878 0.2725462  0.2732255  0.2735868  0.2734187  0.2726708
 0.2713994  0.26996455 0.26910973 0.26887435 0.2690601  0.26934135
 0.26966256 0.2703594  0.27169803 0.27251366 0.27269807 0.27244672
 0.27233255 0.27237076 0.27241993 0.272336   0.2721279  0.27190128
 0.27178925 0.27186966 0.27191132 0.2717013  0.2715223  0.2714322
 0.27127448 0.2710371  0.27060175 0.26998267 0.2693594  0.26900256
 0.26907584 0.2693224  0.26974383 0.26981142 0.26980326 0.26970893
 0.2700963  0.27051613 0.2706947  0.27062967 0.2703563  0.27014685
 0.2701492  0.27061513 0.27116448 0.27143896 0.27192992 0.27057278]

weather_96__Transformer_weather_ftM_sl96_ll48_pl96_dm512_nh8_el2_dl1_df2048_fc3_ebtimeF_dtTrue_test_0  
mse:0.4116661548614502, mae:0.4398893415927887, rse:0.8455217480659485, corr:[0.45542336 0.45508525 0.45540628 0.45438173 0.45260978 0.4513554
 0.45106933 0.4509643  0.44987994 0.4479926  0.4467652  0.44654402
 0.44616446 0.44500163 0.44304222 0.44047278 0.43824774 0.43699414
 0.4360717  0.43415087 0.43133932 0.42850173 0.42654842 0.42594427
 0.42689016 0.42794758 0.42714763 0.4238094  0.41880205 0.41386318
 0.4107305  0.4100282  0.41072428 0.41131264 0.41112983 0.41006523
 0.408623   0.40790656 0.4082339  0.40928242 0.41020915 0.4107373
 0.41080624 0.4104425  0.41018805 0.4099943  0.4092661  0.40818486
 0.4069215  0.40568873 0.40505722 0.4047254  0.40379727 0.40249538
 0.4020216  0.4025951  0.40371364 0.40453285 0.40451825 0.40333167
 0.40124458 0.39929923 0.3982747  0.39831778 0.39879203 0.39937285
 0.39967108 0.39953852 0.39927563 0.39909664 0.3989101  0.3986634
 0.39807186 0.39690322 0.39553946 0.39494762 0.39513907 0.3951896
 0.39434096 0.39313853 0.392222   0.39163688 0.3905598  0.38886777
 0.3867794  0.3849545  0.3840695  0.38418135 0.38463327 0.3845421
 0.38334972 0.3814256  0.37961704 0.37871566 0.3785905  0.38601494]

ETTh1_96__Transformer_ETTh1_ftM_sl96_ll48_pl96_dm512_nh8_el2_dl1_df2048_fc3_ebtimeF_dtTrue_test_0  
mse:1.1116631031036377, mae:0.8571341633796692, rse:1.0014848709106445, corr:[0.26158753 0.22767322 0.22152618 0.2148567  0.2089961  0.20663717
 0.20659237 0.20648494 0.2052893  0.20297347 0.19991931 0.19724882
 0.19591933 0.19627585 0.19727132 0.19818655 0.19786543 0.1964418
 0.19502941 0.19511488 0.19643685 0.19805479 0.19865508 0.1971845
 0.19392963 0.19017461 0.18633814 0.18295349 0.18010817 0.17738903
 0.17510888 0.17373037 0.1729504  0.17243838 0.17200336 0.17064373
 0.16851747 0.16724814 0.16720645 0.1688891  0.17148569 0.1731083
 0.17235342 0.17016983 0.16868469 0.16881281 0.17001002 0.17054361
 0.17021002 0.16948101 0.16840638 0.16788968 0.16874437 0.17003109
 0.16983055 0.1679618  0.16524053 0.16292982 0.16212946 0.1624571
 0.16277973 0.1619947  0.16029477 0.15887654 0.15858099 0.15977763
 0.16186626 0.16328834 0.1633811  0.1629709  0.16281325 0.16245069
 0.1614048  0.15968448 0.15740523 0.1549848  0.15332405 0.15350167
 0.15525147 0.1574413  0.15887314 0.15963957 0.16016598 0.16040461
 0.16077664 0.16108297 0.16041479 0.15888599 0.15688899 0.15545428
 0.1551973  0.1561861  0.15786059 0.15950373 0.1610902  0.16776387]

ETTh2_96__Transformer_ETTh2_ftM_sl96_ll48_pl96_dm512_nh8_el2_dl1_df2048_fc3_ebtimeF_dtTrue_test_0  
mse:1.6291829347610474, mae:1.0212334394454956, rse:1.02864670753479, corr:[0.16704077 0.15182634 0.14885697 0.14452863 0.13927794 0.13417
 0.13019465 0.1275934  0.12590976 0.12433427 0.1222643  0.11971878
 0.11709756 0.11466614 0.1119657  0.10903911 0.10581511 0.1025679
 0.09958941 0.09756681 0.09584145 0.09405846 0.09218148 0.09067506
 0.08973552 0.08881018 0.08687287 0.0837831  0.08011152 0.0770391
 0.07543539 0.07504913 0.07490256 0.07437228 0.07368664 0.07349435
 0.07392526 0.07481672 0.07502604 0.07361375 0.07104817 0.06861918
 0.06692078 0.06507435 0.06360313 0.06106804 0.0584298  0.05655306
 0.0563322  0.05737276 0.05791897 0.05674655 0.05335717 0.04932759
 0.04700114 0.04746711 0.04911711 0.04979197 0.04777982 0.04376803
 0.04022928 0.03993353 0.04223515 0.04495857 0.0460817  0.04490864
 0.04221133 0.03972297 0.03885163 0.03872298 0.03821792 0.0360439
 0.03272509 0.02977286 0.02816033 0.02768289 0.02737409 0.02680322
 0.02598014 0.02576832 0.02620435 0.02587715 0.0237037  0.02035502
 0.01752717 0.01690068 0.01900778 0.02291766 0.02617577 0.02732858
 0.02766374 0.02886263 0.03217377 0.03655775 0.03941179 0.04392267]

ill_24__Transformer_ill_ftM_sl36_ll18_pl24_dm512_nh8_el2_dl1_df2048_fc3_ebtimeF_dtTrue_test_0  
mse:3.802255630493164, mae:1.2292463779449463, rse:0.9427908658981323, corr:[0.07416325 0.07587603 0.07586804 0.07488164 0.07265017 0.07032585
 0.06949279 0.0690091  0.06825673 0.06776256 0.06797189 0.06946758
 0.07059045 0.07163928 0.07250854 0.07307919 0.0734541  0.07329392
 0.07246853 0.07132573 0.07056976 0.06998196 0.06909119 0.0597657 ]

ill_24__Transformer_ill_ftM_sl36_ll18_pl24_dm512_nh8_el2_dl1_df2048_fc3_ebtimeF_dtTrue_test_0  
mse:3.802255630493164, mae:1.2292463779449463, rse:0.9427908658981323, corr:[0.07416325 0.07587603 0.07586804 0.07488164 0.07265017 0.07032585
 0.06949279 0.0690091  0.06825673 0.06776256 0.06797189 0.06946758
 0.07059045 0.07163928 0.07250854 0.07307919 0.0734541  0.07329392
 0.07246853 0.07132573 0.07056976 0.06998196 0.06909119 0.0597657 ]

ill_24__Transformer_ill_ftM_sl36_ll18_pl24_dm512_nh8_el2_dl1_df2048_fc3_ebtimeF_dtTrue_test_0  
mse:3.802255630493164, mae:1.2292463779449463, rse:0.9427908658981323, corr:[0.07416325 0.07587603 0.07586804 0.07488164 0.07265017 0.07032585
 0.06949279 0.0690091  0.06825673 0.06776256 0.06797189 0.06946758
 0.07059045 0.07163928 0.07250854 0.07307919 0.0734541  0.07329392
 0.07246853 0.07132573 0.07056976 0.06998196 0.06909119 0.0597657 ]

ill_24__Transformer_ill_ftM_sl36_ll18_pl24_dm512_nh8_el2_dl1_df2048_fc3_ebtimeF_dtTrue_test_0  
mse:3.9489567279815674, mae:1.2612074613571167, rse:0.9608064889907837, corr:[0.07399362 0.07655955 0.07602359 0.07411962 0.07078712 0.06804341
 0.06733577 0.06744087 0.06714691 0.06663872 0.06662839 0.06796981
 0.06909952 0.07009614 0.0709097  0.07147362 0.07203322 0.0723392
 0.07191268 0.07072604 0.06965388 0.06872584 0.06746926 0.05563091]

exchange_96__Transformer_exchange_ftM_sl96_ll48_pl96_dm512_nh8_el2_dl1_df2048_fc3_ebtimeF_dtTrue_test_0  
mse:0.6024495363235474, mae:0.6057543754577637, rse:0.5898615717887878, corr:[0.2389509  0.24479832 0.24355039 0.24291816 0.2430209  0.24337551
 0.24364986 0.24365592 0.24348858 0.24374183 0.24424335 0.2449365
 0.24521266 0.24477397 0.24364212 0.24269575 0.24264972 0.24317187
 0.24378936 0.24422532 0.24384154 0.2424731  0.24081749 0.23988546
 0.24006034 0.24075271 0.24107814 0.24075894 0.23987812 0.23891115
 0.23806392 0.23758312 0.23752765 0.23786213 0.23818606 0.23797539
 0.23736984 0.23671225 0.23613106 0.2357574  0.23575805 0.23577414
 0.23534538 0.23444942 0.23342332 0.23261826 0.23242614 0.23292647
 0.23384425 0.23472877 0.23521663 0.23519245 0.23486528 0.23453167
 0.23428047 0.23415592 0.2340179  0.23375839 0.23340914 0.23337673
 0.23418975 0.23542115 0.2369207  0.23818311 0.23843406 0.23754245
 0.23596485 0.23468812 0.2342317  0.23470533 0.2355566  0.23618361
 0.23597066 0.23491782 0.2339375  0.23385815 0.23431471 0.23479155
 0.23483402 0.23438758 0.23384786 0.2337928  0.23412865 0.23457961
 0.23510817 0.23557183 0.23547195 0.23479782 0.23411755 0.2334885
 0.23267505 0.23186867 0.23153034 0.23156624 0.23190174 0.21313076]

ill_24__Transformer_ill_ftM_sl36_ll18_pl24_dm512_nh8_el2_dl1_df2048_fc3_ebtimeF_dtTrue_test_0  
mse:4.353616237640381, mae:1.3853282928466797, rse:1.0088342428207397, corr:[0.07475369 0.07601044 0.07477263 0.07332251 0.06979454 0.06532363
 0.06347436 0.06407178 0.06516632 0.06633534 0.06784418 0.06989156
 0.07128523 0.07254992 0.07391984 0.07455362 0.07421511 0.07349358
 0.07273643 0.07153337 0.069995   0.06809563 0.06557178 0.06164433]

ill_24__Transformer_ill_ftM_sl36_ll18_pl24_dm512_nh8_el2_dl1_df2048_fc3_ebtimeF_dtTrue_test_0  
mse:3.5372560024261475, mae:1.2325778007507324, rse:0.9093434810638428, corr:[0.07255891 0.07485113 0.07537862 0.07515522 0.07443516 0.07432421
 0.07433165 0.07346943 0.07246627 0.07282487 0.07466023 0.07673383
 0.07822102 0.07965607 0.08076333 0.08137687 0.08158477 0.08107033
 0.08022889 0.07909805 0.07776479 0.07642666 0.07491928 0.06744236]

exchange_96__Transformer_exchange_ftM_sl96_ll48_pl96_dm512_nh8_el2_dl1_df2048_fc3_ebtimeF_dtTrue_test_0  
mse:0.6597059965133667, mae:0.656607449054718, rse:0.6172555088996887, corr:[0.25733396 0.23740906 0.23427704 0.23396781 0.23473342 0.23561461
 0.23601516 0.23560447 0.2344675  0.23296075 0.2316774  0.230889
 0.2307476  0.23129903 0.23205489 0.23249657 0.23207298 0.23082958
 0.2289475  0.22677772 0.22565183 0.22632715 0.22815554 0.22999321
 0.23112273 0.23135254 0.23063408 0.22924602 0.22764488 0.22637974
 0.22586264 0.22621067 0.22714652 0.22817267 0.22892934 0.22936797
 0.22987987 0.23083305 0.23182862 0.23206379 0.2311496  0.22947086
 0.22774646 0.22672287 0.22679302 0.22767234 0.22851875 0.22876014
 0.2286271  0.2284539  0.22838737 0.22835605 0.2281752  0.22757213
 0.22635685 0.22485283 0.22365654 0.22314374 0.22306588 0.22293277
 0.22255656 0.22198272 0.2216404  0.22183666 0.22244571 0.2229929
 0.2228801  0.2216412  0.21948664 0.21753727 0.2165738  0.21631305
 0.21644299 0.2167524  0.21679683 0.2163184  0.21557361 0.21497306
 0.2146291  0.21451645 0.2141937  0.21312244 0.21114288 0.20847122
 0.20573917 0.20361635 0.20257014 0.20247073 0.20267422 0.20238918
 0.20115814 0.19966306 0.19929402 0.20056221 0.20294346 0.19070041]

ill_24__Transformer_ill_ftM_sl36_ll18_pl24_dm512_nh8_el2_dl1_df2048_fc3_ebtimeF_dtTrue_test_0  
mse:3.53762149810791, mae:1.2325153350830078, rse:0.9093904495239258, corr:[0.07255748 0.0748551  0.07538345 0.07515942 0.074439   0.07432733
 0.07433151 0.07346744 0.07246342 0.07282158 0.07465653 0.07672992
 0.0782161  0.07964969 0.0807567  0.0813701  0.08157708 0.08106188
 0.08022036 0.07908981 0.07775677 0.07641883 0.0749125  0.06743109]

ill_24__Transformer_ill_ftM_sl36_ll18_pl24_dm512_nh8_el2_dl1_df2048_fc3_ebtimeF_dtTrue_test_0  
mse:4.07307243347168, mae:1.3109394311904907, rse:0.9757886528968811, corr:[0.07569061 0.0760908  0.07642679 0.0763286  0.07619558 0.07582332
 0.07550702 0.07503535 0.07415222 0.07330962 0.0732134  0.0733146
 0.07340442 0.07438479 0.07661591 0.07897663 0.08021001 0.08015363
 0.07972262 0.07962564 0.07990918 0.08004706 0.07992946 0.0718275 ]

ill_24__NLinear_ill_ftM_sl36_ll18_pl24_dm512_nh8_el2_dl1_df2048_fc3_ebtimeF_dtTrue_test_0  
mse:9.017385482788086, mae:2.0953588485717773, rse:1.4518944025039673, corr:[ 0.07220875  0.07217395 -0.0376239   0.02617464  0.06256496  0.06058089
  0.04687836 -0.02809184  0.05100292 -0.03039772 -0.00449865  0.00846927
  0.00851696 -0.00108133  0.02635742 -0.01965176 -0.02061111  0.01860755
 -0.04180093 -0.01776084 -0.00514468 -0.03840026 -0.04191853 -0.03023664]

